A B C
 -7.2799134126691056266451840777027E+00        -7.2799134126693057722714269676439E+00         -7.2799134126693059646835248976983E+00  
 -5.0408767455953674783011064383064E+00        -5.0408767455954397475212013422760E+00         -5.0408767455954398406647424727342E+00  
 -4.7337561326477542250296076461993E+00        -4.7337561326477673900943231866348E+00         -4.7337561326477674062227944334978E+00  
 -4.6297836378787048374501707492246E+00        -4.6297836378787098755063098322290E+00         -4.6297836378787098819550914330533E+00  
 -4.5824279938844878634527688149805E+00        -4.5824279938844903436000587822466E+00         -4.5824279938844903468283799512230E+00  
 -4.5569532239410281840505834013516E+00        -4.5569532239410295895156736028852E+00         -4.5569532239410295913593651861482E+00  
 -4.5416933598552009409804122783414E+00        -4.5416933598552018146542097778810E+00         -4.5416933598552018158051157331342E+00  
 -4.5318360400275914244431086928199E+00        -4.5318360400275920046341904217681E+00         -4.5318360400275920054004213885694E+00  
 -4.5251021583807427971499593098486E+00        -4.5251021583807432020843048119165E+00         -4.5251021583807432026199626772126E+00  
 -4.5202990221721750383611561329370E+00        -4.5202990221721753321700006947534E+00         -4.5202990221721753325590995935427E+00  
 -4.5167533137307414732273466063653E+00        -4.5167533137307416931641376921042E+00         -4.5167533137307416934556428919722E+00  
 -4.5140615534518592389695923637806E+00        -4.5140615534518594078835419311159E+00         -4.5140615534518594081075570440619E+00  
 -4.5119700124204628762204309644416E+00        -4.5119700124204630087605082526507E+00         -4.5119700124204630089363653267596E+00  
 -4.5103126487117204266127601358475E+00        -4.5103126487117205325228084123876E+00         -4.5103126487117205326633831861026E+00  
 -4.5089771047771376615022872030046E+00        -4.5089771047771377474682714644506E+00         -4.5089771047771377475824074000266E+00  
 -4.5078851496656243219402725886610E+00        -4.5078851496656243926738465347298E+00         -4.5078851496656243927677804627976E+00  
 -4.5069809560009798124563632136907E+00        -4.5069809560009798713554604919881E+00         -4.5069809560009798714336934589116E+00  
 -4.5062238197220835556882363747429E+00        -4.5062238197220836052534300661698E+00         -4.5062238197220836053192755392527E+00  
 -4.5055834975555870431401929396527E+00        -4.5055834975555870852448413301683E+00         -4.5055834975555870853007831194050E+00  
 -4.5050371392597475754724332338794E+00        -4.5050371392597476115425007312955E+00         -4.5050371392597476115904296566568E+00  
 -4.5045672203835042468278474678344E+00        -4.5045672203835042779643817598261E+00         -4.5045672203835042780057582409606E+00  
 -4.5041601192762629259335219344443E+00        -4.5041601192762629529978614168005E+00         -4.5041601192762629530338271770727E+00  
 -4.5038051186989193370687191826451E+00        -4.5038051186989193607429382238113E+00         -4.5038051186989193607743966219140E+00  
 -4.5034936931799030866496343731270E+00        -4.5034936931799031074802007208945E+00         -4.5034936931799031075078798178867E+00  
 -4.5032189923336649320866809432151E+00        -4.5032189923336649505174813297445E+00         -4.5032189923336649505420395032134E+00  
 -4.5029754608925881084346470682430E+00        -4.5029754608925881248374282002441E+00         -4.5029754608925881248600259593441E+00  
 -4.5027585556204170668361448217559E+00        -4.5027585556204170815601054648926E+00         -4.5027585556204170815862590592729E+00  
 -4.5025645318710708460882591643371E+00        -4.5025645318710708596881246711673E+00         -4.5025645318710708597603917906222E+00  
 -4.5023902808774579987744754915630E+00        -4.5023902808774580116112130078130E+00         -4.5023902808774580118060393114175E+00  
 -4.5022332044439104419260332780263E+00        -4.5022332044439113375401753959220E+00         -4.5022332044439115129598055577644E+00